11110001011101000101010101011111
10001110010000011001000110010011
11010100010110111011110000001010
01000111000110111101000101100010
11010100001111000111111011000100
10101011001111011110100111000100
01011010110000011101011111101010
11000001110101010100001101111101
10001100101100111010111000100001
10100010000111100000101000100010
00101101011010111111010011011101
11011111100010111101110101011101
01000010000001110110010111111110
00010010011010011001000101110000
10101101010001111111011011011100
01100110110010101000110110100101
10000111011011000011001111011010
11011001011000011101000100101011
10111101001100001001111111111010
01101011010101100010110001001101
10110100110100010111001101011110
11100010010110011010000010110011
00011000101111101001110011100101
10000010101101001110001111000100
01010000101100000010011101011001
01011111110111011000001111000001
11100101101110010001000100011001
00110101000010001001100100001101
10001111110110000111011110111010
01011111101000110011011110111001
00001101101110000000110110110100
10110110001111101010100110010011
10010111001111101001100000001101
00100100001101001000111010000111
01100000000100100111010011011011
10100000101111110001101000110111
11001110111100000001001101101110
00110001100011011011111010010000
01010111010111110111001110000000
10011111111011101011110010010011
11111101101001011000110100110100
10111110000111010001110100110000
10100101111111000011100001011010
10100111100110000111000000010111
00001111111110101110001010011100
11010000010010000001110011001001
01010110000000000111111110100100
11011111001100011110111100110010
10010001100100100101011100011100
10100101100011011110111010111011
00101110101101110011011101000110
11001010010001101001010000010011
01100111101110001111001101101011
10001110110111101000001100110001
11010000010110000001111101101000
00111010000010001010110010010111
01011111000010010111101000000110
00010001001000000001001010000000
00110101110000100101010010011110
00110111001000100100110000000001
11110110011101110001111000000100
00110000101001010001101100000111
01000000010011001100101110010000
00111100011101001011100101000011
10110101101111000100001100001101
10100000101011110101100110010101
01010110001000000010010000000010
01101111011100101100010000101000
00101001010001111101011010110011
10010000001100101110000001001011
00100001001100101010100000011100
11011110111101100000011110111010
00001100110110000100111000110111
01010111100101100010100001011111
11110011010001011010110011010100
00011010001111111011100001111101
01111011100101011000011100001001
10011011011101010011101100100111
01010111011110101110011110101110
01010111100011000111100010101101
00111100011001111010011000001101
00011111101011001111111011101110
00001100011111101101101110001011
10011111001010101000001111001100
11101001010001101010010010111011
11010100010011111100010101111011
10101110101011001011011010001000
11001001110100010001101010001000
01010101001101110110110010111000
10101000001001011001111101000000
11011000011111111010111110111111
11101000100110001111100001001001
00001110100000100100111101000001
11110001110101100110111100000101
01001011101101010011110011111011
00111001000000010110101011100101
00000111101010101100001111100001
11010000101100010101000100111111
11101100101111001011011110100000
11110001110101010000001000001100
11000001101110001111011000111001
10001011001000001001011111110111
10110011001100111011011100101111
01110110111100000010000001010100
11011011101001100010011000000001
10110011000111000010111100010100
11111111110111000110111100000100
11111110100000100111010001000110
01001111000001001110010100111001
11000101010100100011111000110111
01110000011111101010110101110110
01100111100101100110011001001011
00110110000101000101100100011001
10010001011101100110011101101000
11101011110011010111101101100001
00000011010000001100001101010000
00100111001100000100110100011000
00110001111000011000101100001001
01001000011010010001101100111011
10101111110001111111011110101110
11101111111101011001100001000010
01001101101100001101100100000111
11111000010001110010001010110010
10001001011100110100111110011010
01110000000001000100101110110001
11001100000100101011011111001011
00001100110101010010110010100110
01001100111010000111111111001000
11001110110010111111010100111010
11001110001101001101001010110000
10111100001010100011100100011000
10000010110011000010111100110111
10100101111011111000010110110011
01000011100000101011101111110011
10011000010100011000000011000110
10000101101011110011110010011110
10001000011111000111110000010101
10001011111100010100000000100011
10101110101100110100110011110110
01111011000000100010010100010011
11010101000011000011101100011100
10100111010110110010000101001111
10110111001001111011101111010000
10001111111000111111100000101001
00001011001010110101001001100010
10101000001101000101110001110110
10100100100100010100010100010000
11101110100001111100000000011110
01110100011001100111111101000101
10100011101000010101000100100110
11111101001000100001111101101010
11000100000000101010010000111111
01001100111011111011101110011111
01100111011110001100110110011011
10000000111111111100110010100100
10001110010101011001000100100000
11011000011101101001101101100101
11011011101100101101000011010101
11101110101110010111111101011111
01001110101100100010000010100100
10011111110111011110100111100101
01001101110110100100010011110110
00101111001111111010100010100110
01001000101010110000100011001110
00110100001110111111011101101000
00111011110011100101100001110100
00111101100000110100010000100100
10001000001101010001110001011111
10010011110100100001101000101110
10111100101101111001101110100001
10111101100000100010111010010001
01010000000110000001001100111010
00011001010011000011001000111110
11101111011110111111011101111100
00100110101011111000010101010101
10110010101100111111111001000111
10001100100001010111010001010110
11110000110011000110111010110100
00110010000000001001001011101111
01011100110101001111111100000000
10011100111110000110111111101001
11000010110010001011111001110011
10000100011011110100100000110111
01001010011100101000111110001101
01110010010000110010101100101011
11100001101001010010110000101101
00000001011110010011111110100010
01100011111000100100001000100010
00110101100000101101111011010000
11110010000110110101011100001100
10101010100001110011100010000111
01000110110101010101101010001110
11011111011000000001000010000101
00101001101100101011101100010010
00110000011010010101011110000001
00100111001001111000000010001110
00110000001010110010101110001111
01000100000110110011000010010100
10100111001010100100111111101101
10011110100001110111100001010101
01100011010010111000100000110100
00110000110101101110001010000000
11010100001110000001111010010110
00111111000001100111111101101001
11000111111000011110100010001100
00110010001110001110001101011010
00101011100011011010010100101010
01000010010001111100111100101111
00110110001100101010010011110000
00000011010010100111000110111011
10010111001101110111100000100011
11100000100011111111110110100110
11101111101111010011001010101111
10111110011000111011000000001001
10000010011100100111011010000100
10111010000111001001110110110100
11001001010010100010100111101010
11110011110000011101100101101100
00110110010110100110011101100111
11101000000111010110011100011001
00110110011001011001101100010000
11110011010001000000000001111001
10100100000010010011000011110001
11110011001010111111111011010010
11001111110010100001000100000101
10111101111000101011101100110110
01010011100000110000011111000100
01101011001101100101011111011111
11111010110000101011111011110011
00001001010101100110010000000100
00110110110101011011110100010010
11000011010110111101000100100001
11000010011101110101011001010011
01110100111100100010101101010100
00001110100001010011000011001101
11110001100100000011110011000000
10001011110000100001101111110000
01011001000010010111011000011001
01101110010001111110101110101011
00101111001010011100001101011011
00100111111100001110000101111011
10010100110001010111011001000000
11100111001010111011000001110101
10110110101101101000000111101101
10001011010100011100100000110101
10011010011100111001110100010100
00101110111100111011110011101101
10000101000000000001111110101000
11110001010001100110110010010010
10101010010001101100011001110100
01110011010011000000100110101000
11111001101010000000010100100100
01100000110100110111110111001010
10010111111101100010110101011101
00101111001111101011001100000111
10001100100000111111010011010111